   Atom                     Volume(s)
  ------------------------------------------------------------------------
     1   ...     198  202  212  213  217  221  226  235  243  249  252  268  272  273  278  292  295  304  309  325  361  371  389  397  398  399  400  401  402  403  404  405  412  413  414  415  421  422  423  424  425  426  428  430  431  432  433  437  438  439  447  449  467  468  470  502  503  504  505  512  528  545  579  610  611  612  613
     2   ...     557  575  617  629  630  631  634  642  652  653  655  656  662  663  667  675  683  719  720  732  767  768  793  802  803  804  822  823  824  825  829  830  833  834  835  836  837  838  844  845  846  850  857  858  859  860  861  862  863  865  866  867  868  869  875  876  877  878  881  882  883  884  885  888  889  890  891  892  898  911  912  923  924  925  970  971  976  989  990  995  996  997 1005 1006 1007 1023 1024 1030 1035 1036 1045 1053 1061 1069 1100
     3   ...     917  921  934  942  944  945  946  947  948  950  957  959  961  962  963  964  968  969  983  987  988 1021 1027 1028 1031 1032 1038 1039 1052 1067 1072 1073 1079 1095 1096 1097 1098 1099 1110 1111 1112 1113 1114 1115 1126 1134 1136 1137 1138 1139 1140 1141 1142 1150 1151 1152 1153 1154 1155 1200 1228 1230 1231 1234 1235
     4   ...     454  455  456  457  458  459  461  474  475  476  477  480  491  492  493  496  497  498  499  500  501  508  509  510  522  523  526  527  536  537  542  546  547  606  607  608  623  624  644  645  658  669  670  678  684  693  702  703  704  708  709  710  711  714  715  716  717  723  731  739  740  744  749  750  753  762  763  772  773  774  775  791  796  797  798  815  816  817  848  906
     5   ...     101  104  108  117  118  135  157  158  169  180  185  186  187  189  196  197  237  242  259  261  262  263  264  265  266  267  269  270  271  277  282  283  284  285  286  287  288  289  290  291  293  294  296  297  301  302  303  314  315  317  320  322  323  326  329  338  345  346  352  354  355  360  366  370  373  375  376  378  387  392  395  396
     6   ...    1130 1131 1132 1144 1157 1158 1160 1161 1163 1164 1166 1167 1168 1169 1171 1174 1177 1178 1179 1180 1181 1182 1184 1185 1188 1189 1191 1192 1219 1220 1225 1240 1256 1260 1262 1263 1264 1265 1269 1270 1271 1272 1273 1276 1277 1278 1279 1280 1281 1282 1283 1284 1285 1286 1287 1288 1290 1292 1296 1299 1300 1303 1304 1315 1316 1317 1318 1319 1322 1323 1324 1325 1327 1328 1331 1332 1334 1335 1339
     7   ...     342  358  364  365  369  377  383  384  385  390  408  409  418  419  520  544  566  577  592  593  594  595  596  597  598  599  600  601  602  657  668  677  691  692  701  707  712  713  722  728  759  779  805  812
     8   ...     240  253  254  274  275  276  279  298  299  300  305  310  311  312  313  318  319  530  533  585
     9   ...      40   42   43   44   45   46   47   54   56   57   58   59   60   84   89   90   92   93   96   97  105  110  115  116  126  132  137  150 1386 1388
    10   ...    1246 1247 1250 1254 1257 1266 1274 1275 1293 1305 1306
    11   ...     792  801  809  810  811  820  821  895  902  910  916  955  956  965  966  967  974  986 1014 1015 1016 1017 1018 1019 1193 1194
    12   ...      61   63   71   72   75   76   77   78   79   80   81   82   83 1352 1364 1365 1366 1367 1368
    13   ...     981  985 1004 1051 1068 1222 1223 1224 1227
    14   ...      94  184  190  194  195  200  203  215
    15   ...     416  515  516  517  581  582  583  584  615  625  626  627  646  650  682  688  689
    16   ...       1    2    6    7    9   10   11   12   87   98   99  106  111  120  121  133  134  151  188  199  204  208  216  244  250  281
    17   ...      18   19   20   22   24   26   27   28   29   30   31   32   33   34   35   36   37   38   39   53 1355 1374 1375 1376 1379 1382 1383 1384 1385 1387 1389 1390
    18   ...     760  769  770  771  780  781  782  783  784  794  806  813  831  832  841  847  893  900  913  928  929  930  953 1042 1048 1055 1056 1060 1064 1077 1085 1094 1107 1117 1118 1119 1120 1205 1218
    19   ...     444  445  446  448  450  460  462  463  465  466  469  478  479  481  483  511  541  548  549  551  609  636  649  654  659  660  671  672  673  674  679  680  681  685  686  687  694  695  696  697  698  699  724  741  746  754  765  776  777  799  800  818  819  827  855  872  873  887  901  907  908  909  932  933
    20   ...     306  307  316  321  327  328  330  335  336  337  359  386  420  429  440  441  442  443  451  452  453  464  472  473  482  484  485  486  487  488  489  490  495  521  556  558  563  564  569  570  572  573  578  603  604  605  618  619  620  621  622
    21   ...     729  730  735  736  737  738  745  748  751  752  761  764  785  786  787  788  789  790  795  807  808  814  879  894  914  915  931  935  936  954  972  973  977  978  979  980  984  991  992  998  999 1000 1001 1002 1003 1008 1009 1010 1011 1012 1013 1065 1071 1078 1086 1108 1121 1122 1133
    22   ...     241  280  332  333  334  340  341  351  410  411  417  427  506  507  518  519  525  531  532  534  535  540  543  550  553  554  555  559  560  561  562  565  568  571  576  586  587  588  589  590  591  632  637  638  640  643  648  661  664  665  676  690  700  705  706  721  726  727  733  734  747  757  758  778
    23   ...      41   48   49   55   62   64   65   66   67   68   69   70   73   74   85 1291 1297 1301 1321 1326 1329 1337 1345 1351 1353 1354 1363 1372 1373
    24   ...     828  918  920  938  939  949  958  960  975  982  993 1020 1025 1026 1029 1034 1037 1043 1044 1057 1066 1109 1123 1124 1125 1149 1165 1176 1186 1195 1196 1197 1198 1199 1206 1207 1208 1209 1210 1211 1212 1233 1238 1242
    25   ...     514  524  539  567  574  616  628  633  635  639  641  647  651  666  718  725  742  743  755  756  766  842  843  849  856  864  874  880  896  897  903  904  905  919  922  937  940  941  943  994 1022 1033 1040 1041 1049
    26   ...     826  839  840  851  852  853  854  870  871  886  899  926  927  951  952 1046 1047 1050 1054 1058 1059 1062 1063 1070 1074 1075 1076 1080 1081 1082 1083 1084 1087 1088 1089 1090 1091 1092 1093 1101 1102 1103 1104 1105 1106 1116 1146 1147 1148 1172 1173 1175 1183 1203 1204 1217 1221 1226
    27   ...     182  207  214  224  229  233  344  349  350  353  362  363  368  372  380  381  382  391  393  394  406  407  434  435  436  471  494  513  529  538  552  580  614
    28   ...      50   51   52 1127 1128 1129 1135 1143 1145 1156 1159 1162 1170 1187 1190 1201 1202 1213 1214 1215 1216 1229 1232 1236 1237 1239 1241 1243 1244 1245 1248 1249 1251 1252 1253 1255 1258 1259 1261 1267 1268 1289 1294 1295 1298 1302 1307 1308 1309 1310 1311 1312 1313 1314 1320 1330 1333 1336 1338 1340 1341 1342 1343 1344 1346 1347 1348 1349 1350 1356 1357 1358 1359 1360 1361 1362 1369 1370 1371 1377 1378 1380 1381
    29   ...      86   95  102  103  109  114  119  123  125  130  131  136  142  144  145  148  149  152  153  154  155  159  164  165  166  170  174  175  178  181  191  192  193  201  205  206  210  218  220  222  225  228  230  231  232  238  239  245  246  247  248  251  255  256  257  258  260  308  324  331  339  343  347  348  356  357  367  374  379  388
    30   ...       3    4    5    8   13   14   15   16   17   21   23   25   88   91  100  107  112  113  122  124  127  128  129  138  139  140  141  143  146  147  156  160  161  162  163  167  168  171  172  173  176  177  179  183  209  211  219  223  227  234  236
  ------------------------------------------------------------------------
